0 0.48828125 0.10546875 0.14921875 0.2109375
0 0.27421875 0.77734375 0.1734375 0.29453125
0 0.4609375 0.7015625 0.17421875 0.3015625
0 0.94140625 0.734375 0.11640625 0.3015625
2 0.94453125 0.4359375 0.1109375 0.25078125
2 0.39609375 0.2984375 0.14296875 0.23515625
2 0.81875 0.92890625 0.15546875 0.14140625
1 0.04609375 0.778125 0.0921875 0.1875
1 0.0984375 0.38046875 0.1 0.20234375
1 0.325 0.53125 0.09609375 0.1453125
1 0.634375 0.7203125 0.09609375 0.1640625
1 0.73515625 0.32421875 0.109375 0.1765625
1 0.36640625 0.93359375 0.08984375 0.1328125