0 0.10546875 0.51171875 0.2109375 0.15
0 0.77734375 0.72578125 0.29375 0.1734375
0 0.7015625 0.5390625 0.3015625 0.175
0 0.734375 0.05859375 0.3015625 0.115625
2 0.4359375 0.05546875 0.25 0.1109375
2 0.2984375 0.60390625 0.234375 0.14375
2 0.92890625 0.18125 0.140625 0.15625
1 0.778125 0.95390625 0.1875 0.0921875
1 0.38046875 0.9015625 0.203125 0.1
1 0.53125 0.675 0.1453125 0.096875
1 0.7203125 0.365625 0.1640625 0.096875
1 0.32421875 0.26484375 0.1765625 0.109375
1 0.93359375 0.63359375 0.1328125 0.0890625