0 0.51171875 0.10546875 0.15 0.2109375
0 0.72578125 0.77734375 0.1734375 0.29375
0 0.5390625 0.7015625 0.175 0.3015625
0 0.05859375 0.734375 0.115625 0.3015625
2 0.05546875 0.4359375 0.1109375 0.25
2 0.60390625 0.2984375 0.14375 0.234375
2 0.18125 0.92890625 0.15625 0.140625
1 0.95390625 0.778125 0.0921875 0.1875
1 0.9015625 0.38046875 0.1 0.203125
1 0.675 0.53125 0.096875 0.1453125
1 0.365625 0.7203125 0.096875 0.1640625
1 0.26484375 0.32421875 0.109375 0.1765625
1 0.63359375 0.93359375 0.090625 0.1328125