0 0.175 0.21953125 0.16328125 0.23984375
0 0.29375 0.484375 0.15390625 0.26796875
0 0.6421875 0.85703125 0.159375 0.24375
2 0.640625 0.63671875 0.13203125 0.22265625
2 0.31328125 0.07734375 0.15078125 0.15390625
1 0.10859375 0.546875 0.178125 0.24453125
1 0.33359375 0.7875 0.09296875 0.1515625
1 0.42890625 0.378125 0.1 0.14765625
1 0.53359375 0.540625 0.09140625 0.16484375
1 0.63515625 0.4171875 0.0859375 0.1640625
1 0.0484375 0.42578125 0.096875 0.146875
1 0.43125 0.03203125 0.06953125 0.06328125
1 0.04609375 0.02578125 0.0859375 0.0515625
1 0.51953125 0.9765625 0.0921875 0.046875
2 0.028125 0.77421875 0.05625 0.18671875