0 0.78046875 0.175 0.240625 0.1625
0 0.515625 0.29375 0.26875 0.153125
0 0.14296875 0.6421875 0.24375 0.159375
2 0.36328125 0.640625 0.221875 0.13125
2 0.92265625 0.31328125 0.153125 0.15
1 0.453125 0.10859375 0.24375 0.178125
1 0.2125 0.33359375 0.1515625 0.09375
1 0.621875 0.42890625 0.146875 0.1
1 0.459375 0.53359375 0.165625 0.090625
1 0.5828125 0.63515625 0.1640625 0.0859375
1 0.57421875 0.0484375 0.146875 0.096875
1 0.96796875 0.43125 0.0625 0.06875
1 0.97421875 0.04609375 0.0515625 0.0859375
1 0.0234375 0.51953125 0.046875 0.0921875
2 0.22578125 0.028125 0.1875 0.05625