0 0.21953125 0.825 0.240625 0.1640625
0 0.484375 0.70625 0.26875 0.153125
0 0.85703125 0.3578125 0.24375 0.159375
2 0.63671875 0.359375 0.221875 0.13125
2 0.07734375 0.68671875 0.153125 0.1515625
1 0.546875 0.89140625 0.24375 0.178125
1 0.7875 0.66640625 0.1515625 0.09375
1 0.378125 0.57109375 0.146875 0.1
1 0.540625 0.46640625 0.165625 0.090625
1 0.4171875 0.36484375 0.1640625 0.0859375
1 0.42578125 0.9515625 0.146875 0.096875
1 0.03203125 0.56875 0.0625 0.0703125
1 0.02578125 0.95390625 0.0515625 0.0859375
1 0.9765625 0.48046875 0.046875 0.0921875
2 0.77421875 0.971875 0.1875 0.05625