0 0.30703125 0.2328125 0.15703125 0.2625
0 0.66171875 0.6015625 0.1625 0.24609375
2 0.66171875 0.38515625 0.1359375 0.22890625
2 0.0390625 0.53203125 0.078125 0.22109375
2 0.121875 0.29140625 0.16875 0.259375
2 0.39296875 0.875 0.13359375 0.25
1 0.04921875 0.16875 0.0984375 0.16640625
1 0.07265625 0.8046875 0.10546875 0.17421875
1 0.35390625 0.546875 0.09921875 0.1578125
1 0.53125 0.78046875 0.09921875 0.16015625
1 0.5546875 0.2890625 0.10390625 0.16484375
1 0.65859375 0.16015625 0.09921875 0.1765625
1 0.45 0.1234375 0.1015625 0.1625