0 0.19765625 0.5859375 0.290625 0.15
0 0.58125 0.921875 0.253125 0.15625
2 0.51328125 0.2640625 0.2375 0.14375
2 0.2609375 0.415625 0.24375 0.13125
2 0.8734375 0.6734375 0.253125 0.15
2 0.3515625 0.9375 0.203125 0.125
1 0.36171875 0.084375 0.1765625 0.096875
1 0.77109375 0.340625 0.15625 0.090625
1 0.14765625 0.32421875 0.1765625 0.09375
1 0.0921875 0.7421875 0.1625 0.1078125
1 0.25625 0.840625 0.1578125 0.103125
1 0.12734375 0.94453125 0.18125 0.1015625
1 0.7515625 0.8 0.171875 0.1046875
1 0.515625 0.62421875 0.165625 0.1