0 0.5859375 0.19765625 0.15 0.290625
0 0.921875 0.58125 0.15625 0.253125
2 0.2640625 0.51328125 0.14453125 0.23828125
2 0.415625 0.2609375 0.13203125 0.24375
2 0.6734375 0.8734375 0.15 0.253125
2 0.9375 0.3515625 0.125 0.20390625
1 0.084375 0.36171875 0.09765625 0.1765625
1 0.340625 0.77109375 0.090625 0.15625
1 0.32421875 0.14765625 0.09453125 0.1765625
1 0.7421875 0.0921875 0.1078125 0.16171875
1 0.840625 0.25625 0.10234375 0.1578125
1 0.94453125 0.12734375 0.1015625 0.18046875
1 0.8 0.7515625 0.1046875 0.17109375
1 0.62421875 0.515625 0.09921875 0.16640625