0 0.29296875 0.45625 0.14921875 0.2375
0 0.40234375 0.71640625 0.14921875 0.26796875
2 0.43515625 0.2890625 0.1296875 0.21484375
1 0.5421875 0.2375 0.0890625 0.15546875
1 0.54140625 0.61953125 0.10625 0.17109375
1 0.64765625 0.7796875 0.09921875 0.17265625
1 0.746875 0.6546875 0.09296875 0.16171875
2 0.75625 0.8796875 0.14375 0.240625
2 0.23125 0.78359375 0.1328125 0.23828125
2 0.078125 0.9515625 0.14296875 0.096875
1 0.1546875 0.65546875 0.109375 0.18046875
1 0.1765625 0.2359375 0.1 0.15390625
1 0.3625 0.24609375 0.09765625 0.17421875