0 0.4390625 0.30234375 0.2875 0.16875
0 0.5140625 0.48515625 0.275 0.16875
2 0.140625 0.47734375 0.2671875 0.1375
2 0.21640625 0.853125 0.3 0.1578125
0 0.48046875 0.95859375 0.28125 0.0828125
2 0.78828125 0.9671875 0.240625 0.065625
2 0.9046875 0.428125 0.190625 0.140625
1 0.90625 0.77734375 0.184375 0.1046875
1 0.503125 0.6671875 0.184375 0.09375
1 0.6890625 0.3484375 0.153125 0.096875
1 0.84609375 0.115625 0.184375 0.109375
1 0.27734375 0.39765625 0.1578125 0.0921875
1 0.15625 0.17109375 0.1578125 0.103125
1 0.43203125 0.0640625 0.171875 0.0953125