0 0.30234375 0.5609375 0.16875 0.28671875
0 0.48515625 0.4859375 0.16953125 0.27578125
2 0.47734375 0.859375 0.13828125 0.2671875
2 0.853125 0.78359375 0.1578125 0.30078125
0 0.95859375 0.51953125 0.0828125 0.28046875
2 0.9671875 0.21171875 0.06484375 0.23984375
2 0.428125 0.0953125 0.14140625 0.18984375
1 0.77734375 0.09375 0.10390625 0.18515625
1 0.6671875 0.496875 0.09453125 0.18359375
1 0.3484375 0.3109375 0.09765625 0.15390625
1 0.115625 0.15390625 0.11015625 0.18359375
1 0.39765625 0.72265625 0.0921875 0.1578125
1 0.17109375 0.84375 0.103125 0.1578125
1 0.0640625 0.56796875 0.0953125 0.17109375