0 0.6875 0.82109375 0.240625 0.1625
0 0.42265625 0.70078125 0.25 0.15
0 0.0890625 0.35390625 0.178125 0.16875
2 0.8625 0.68515625 0.234375 0.13125
2 0.26796875 0.3671875 0.2234375 0.125
2 0.3625 0.88203125 0.24375 0.1578125
1 0.11015625 0.6671875 0.1625 0.0953125
1 0.3625 0.47109375 0.171875 0.103125
1 0.48671875 0.36484375 0.165625 0.1015625
1 0.52578125 0.5703125 0.159375 0.109375
1 0.91171875 0.5625 0.1640625 0.109375
1 0.9171875 0.940625 0.15625 0.09375
1 0.4859375 0.95390625 0.16875 0.0921875