0 0.17890625 0.3125 0.1625 0.23984375
0 0.29921875 0.57734375 0.15 0.25
0 0.64609375 0.9109375 0.16875 0.17734375
2 0.31484375 0.1375 0.13046875 0.23515625
2 0.6328125 0.73203125 0.125 0.2234375
2 0.11796875 0.6375 0.15703125 0.24375
1 0.3328125 0.88984375 0.0953125 0.1625
1 0.52890625 0.6375 0.10234375 0.17109375
1 0.63515625 0.51328125 0.1015625 0.16640625
1 0.4296875 0.47421875 0.109375 0.159375
1 0.4375 0.08828125 0.109375 0.1640625
1 0.059375 0.0828125 0.09296875 0.15546875
1 0.04609375 0.5140625 0.0921875 0.16875