0 0.2421875 0.82890625 0.14453125 0.278125
0 0.59453125 0.25625 0.16015625 0.2796875
2 0.3859375 0.3546875 0.12890625 0.2375
2 0.634375 0.58671875 0.13515625 0.23984375
2 0.95546875 0.7390625 0.0890625 0.24609375
1 0.1 0.2109375 0.10078125 0.16015625
1 0.15703125 0.6203125 0.1015625 0.17734375
1 0.37734375 0.77734375 0.09375 0.16484375
1 0.4625 0.8703125 0.0875 0.15
1 0.8375 0.7734375 0.09140625 0.1625
1 0.87734375 0.23203125 0.09609375 0.16796875
1 0.9671875 0.15390625 0.065625 0.16640625
1 0.77734375 0.11328125 0.11015625 0.1703125
1 0.3703125 0.17109375 0.1046875 0.17734375