0 0.7578125 0.17109375 0.14375 0.278125
0 0.40546875 0.74375 0.159375 0.2796875
2 0.6140625 0.6453125 0.128125 0.2375
2 0.365625 0.41328125 0.134375 0.240625
2 0.04453125 0.2609375 0.0890625 0.246875
1 0.9 0.7890625 0.1 0.159375
1 0.84296875 0.3796875 0.1015625 0.178125
1 0.62265625 0.22265625 0.09375 0.165625
1 0.5375 0.1296875 0.0875 0.15
1 0.1625 0.2265625 0.090625 0.1625
1 0.12265625 0.76796875 0.096875 0.16875
1 0.0328125 0.84609375 0.065625 0.165625
1 0.22265625 0.88671875 0.109375 0.1703125
1 0.6296875 0.82890625 0.1046875 0.178125