0 0.17109375 0.2421875 0.278125 0.14375
0 0.74375 0.59453125 0.2796875 0.159375
2 0.6453125 0.3859375 0.2375 0.128125
2 0.41328125 0.634375 0.240625 0.134375
2 0.2609375 0.95546875 0.246875 0.0890625
1 0.7890625 0.1 0.159375 0.1
1 0.3796875 0.15703125 0.178125 0.1015625
1 0.22265625 0.37734375 0.165625 0.09375
1 0.1296875 0.4625 0.15 0.0875
1 0.2265625 0.8375 0.1625 0.0921875
1 0.76796875 0.87734375 0.16875 0.096875
1 0.84609375 0.9671875 0.165625 0.065625
1 0.88671875 0.77734375 0.1703125 0.1109375
1 0.82890625 0.3703125 0.178125 0.1046875