0 0.734375 0.43671875 0.2875 0.1625
0 0.1625 0.1015625 0.2875 0.1625
2 0.63125 0.2265625 0.259375 0.1546875
2 0.4046875 0.48046875 0.2421875 0.134375
2 0.23203125 0.859375 0.2546875 0.153125
1 0.81953125 0.2125 0.178125 0.0890625
1 0.871875 0.6125 0.16875 0.1046875
1 0.83046875 0.8296875 0.16875 0.1046875
1 0.75234375 0.721875 0.1828125 0.096875
1 0.22890625 0.68984375 0.1953125 0.10625
1 0.11953125 0.31484375 0.184375 0.075
1 0.21796875 0.23359375 0.1875 0.096875
1 0.37734375 0.03203125 0.2 0.0625