0 0.43671875 0.265625 0.16171875 0.28828125
0 0.1015625 0.8375 0.1625 0.28671875
2 0.2265625 0.36875 0.1546875 0.25859375
2 0.48046875 0.5953125 0.13359375 0.2421875
2 0.859375 0.76796875 0.153125 0.2546875
1 0.2125 0.18046875 0.0890625 0.17734375
1 0.6125 0.128125 0.1046875 0.16875
1 0.8296875 0.16953125 0.10390625 0.16796875
1 0.721875 0.24765625 0.096875 0.1828125
1 0.68984375 0.77109375 0.10546875 0.1953125
1 0.31484375 0.88046875 0.07578125 0.18359375
1 0.23359375 0.78203125 0.09609375 0.1875
1 0.03203125 0.62265625 0.06328125 0.2